T023  
-26.00  16.00 5 13
-23.00  13.00
-22.00  16.00
-31.00  19.00
-32.00  17.00
-23.00  13.00
T043  
-19.00  13.00 5 13
-15.00  10.00
-15.00  14.00
-22.00  16.00
-23.00  13.00
-15.00  10.00
T045  
-25.50  28.00 5 11
-21.00  28.00
-21.00  31.00
-30.00  31.00
-30.00  25.00
-21.00  28.00
T108  
  8.00  80.50 5 11
 10.00  79.00
 10.00  81.00
  6.00  83.00
  5.00  79.00
 10.00  79.00
T183  
 -1.50 103.00 7 11
  3.00  98.00
  3.00 100.00
 -2.50 106.00
 -5.00 106.00
 -6.00 104.00
 -1.00 100.00
  3.00  98.00
T186  
 -8.00 114.50 5 11
 -7.00 104.00
 -5.50 105.00
 -8.00 125.00
-11.00 120.00
 -7.00 104.00
T187  
  0.00 114.00 7 11
  2.00 109.00
  6.00 116.00
  4.00 118.00
  1.00 119.00
 -4.00 117.00
 -4.00 109.00
  2.00 109.00
T189  
 -2.00 121.00 7 11
 -3.00 118.00
  2.00 120.00
  2.00 125.50
 -2.00 124.00
 -6.00 124.00
 -6.00 119.00
 -3.00 118.00
T190  
 12.00 124.00 6 13
 19.00 120.00
 19.00 123.00
  5.00 128.00
  5.00 120.00
 14.00 119.00
 19.00 120.00
T193  
 -5.00 138.00 7 11
  0.00 130.00
  0.00 138.00
 -5.00 146.00
-10.00 142.00
-10.00 140.00
 -5.00 130.00
  0.00 130.00
T195  
 -6.50 145.50 6 11
 -2.00 140.00
 -5.00 146.00
-10.00 151.00
-11.50 151.00
 -5.00 140.00
 -2.00 140.00
T197  
  7.00 102.00 7 11
 13.00  98.00
 13.00 100.00
 10.00 100.00
  1.00 106.00
  1.00 103.00
  7.00  98.00
 13.00  98.00
T204  
-16.50 126.50 6 13
-17.00 122.00
-14.00 127.00
-13.00 130.00
-15.00 130.00
-20.00 126.00
-17.00 122.00
T209  
-28.00 139.50 6 13
-22.00 136.00
-22.00 138.00
-27.00 143.00
-32.00 141.00
-29.00 136.00
-22.00 136.00
T210  
-15.50 143.00 5 13
-20.00 138.00
-11.00 142.00
-11.00 143.00
-20.00 148.00
-20.00 138.00
T218  
-24.00 144.00 6 11
-20.00 140.00
-20.00 146.00
-26.00 149.00
-28.00 144.00
-25.00 140.00
-20.00 140.00
T219  
-23.00 124.50 5 13
-20.00 121.00
-20.00 128.00
-26.00 128.00
-26.00 121.00
-20.00 121.00
T220  
-20.00 132.50 5 13
-18.00 130.00
-18.00 135.00
-22.00 135.00
-22.00 130.00
-18.00 130.00
T234  
-21.50 166.00 5 13
-20.00 164.00
-20.00 168.00
-23.00 168.00
-23.00 164.00
-20.00 164.00
T304  
 14.50 -88.50 5 13
 16.00 -92.00
 16.00 -84.00
 13.00 -87.00
 14.00 -92.00
 16.00 -92.00
T306  
  8.50 -80.00 6 13
 10.00 -83.00
  9.50 -79.00
  9.00 -79.00
  7.00 -77.00
  7.00 -83.00
 10.00 -83.00
T313  
 11.50 -85.50 5 13
 13.00 -88.00
 15.00 -83.00
  8.00 -83.00
 10.00 -86.00
 13.00 -88.00
T316  
  1.50 -77.00 5 13
 -1.00 -79.50
  5.00 -76.00
  5.00 -75.00
 -2.00 -78.00
 -1.00 -79.50
T323  
  4.00 -61.00 7 11
  5.00 -68.00
  8.00 -67.00
  8.00 -60.00
  5.00 -54.00
  2.00 -54.00
  0.00 -66.00
  5.00 -68.00
W042  
 10.50  95.00 5 13
 15.00  92.00
 15.00  98.00
  6.00  98.00
  5.00  92.00
 15.00  92.00
W047  
 10.00 114.00 8 13
 21.00 107.00
 20.00 120.00
  5.00 125.00
  2.00 112.00
  2.00 104.00
 12.00 100.00
 10.00 108.00
 21.00 107.00
W052  
 26.50 127.50 5 13
 23.00 123.00
 30.00 128.00
 30.00 132.00
 23.00 127.00
 23.00 123.00
W057  
 25.50 142.00 5 13
 28.00 140.00
 28.00 144.00
 23.00 144.00
 23.00 140.00
 28.00 140.00
W058  
 17.00 145.50 5 13
 21.00 144.00
 21.00 147.00
 13.00 147.00
 13.00 144.00
 21.00 144.00
W064  
-20.00 158.00 5 13
-10.00 145.00
-10.00 167.00
-30.00 167.00
-30.00 153.00
-10.00 145.00
W065  
 -4.00 150.50 5 13
  0.00 142.00
  0.00 152.00
 -8.00 160.00
 -8.00 148.00
  0.00 142.00
W066  
  7.50 151.50 5 13
  9.00 149.00
  9.00 154.00
  6.00 154.00
  6.00 149.00
  9.00 149.00
W069  
  5.50 169.50 5 13
 13.00 163.00
 13.00 172.00
 -4.00 178.00
 -1.00 165.00
 13.00 163.00
W073  
-17.50 -164.00 5 13
 -5.00 167.00
 -5.00 -135.00
-30.00 -135.00
-30.00 167.00
 -5.00 167.00
W076  
 28.50 -177.50 5 13
 30.00 -175.00
 27.00 -175.00
 27.00 180.00
 30.00 180.00
 30.00 -175.00
